# Halftimes.R
# data from Jolie Bookspan's book

Halftimes <- 
  list(
       Haldane     = c(5, 10, 20, 40, 75),
       USN	   = c(5, 10, 20, 40, 80, 120),
       DSAT	   = c(5, 10, 20, 30, 40, 60, 80, 120),
       OrcaEdge	   = c(5, 11, 17, 24, 37, 61, 87, 125, 197, 271, 392, 480),
       MicroBrain  = c(4, 11, 31, 86, 238, 396),
       Aladin	   = c(4, 12, 26, 54, 108, 304),
       ZHL12       = c(4, 7.94, 12.2, 18.5, 26.5, 37, 53, 79, 114, 146, 185, 238, 304, 503, 635)
       )

